0.459206017347
0.8682494842
0.729752285703
0.728493579925
0.569480510148
0.680118238718
0.648828088558
0.62951482776
0.835464345989
0.522584403043
0.762293386769
0.909386617324
0.506045270823
0.376698048611
0.978550294488
0.761857228979
0.490367007113
0.886329787807
0.91818579444
0.699909661305
0.72142211929
0.661447781897
0.725560980855
0.974836213289
0.613250096542
0.738351777413
0.6231272618
0.444577821601
0.827213874959
0.51344923074
0.768922678875
0.599895322501
0.554171803953
0.670109831728
0.77151453364
0.56272882659
0.950131253145
0.702029769847
0.519241337414
0.405246244284
0.834677169421
0.531634127865
0.54884078526
0.535389957611
0.863967567844
0.874237372166
0.502734226201
0.504505589818
0.511785756606
0.573690546189
0.928460318355
0.559832913037
0.497421896503
0.634217471821
0.754233985342
0.978623067374
0.903148828357
0.387104187197
0.408331218131
0.834435742088
0.532068577544
0.52620135916
0.734934968504
0.545234220192
0.510385071877
0.998440034238
0.75025225442
0.754464245497
0.884910072139
0.538764475915
0.488143218505
0.755720787
0.415299938189
0.594127599873
0.960683850105
0.957945886872
0.595760231934
0.844375573694
0.93870984705
0.4450736282
0.802102077084
0.872065889483
0.562898059078
0.459831459967
0.974417926709
0.951618705118
0.971113902043
0.752518116569
0.5483390605
0.672840273808
0.4515600307
0.803266585934
0.744542976822
0.782973943476
0.459567469795
0.767372765097
0.531474309167
0.535317948175
0.860476168798
0.647701807952
0.426089320489
0.578303803796
0.850583315603
0.72607920759
0.533034583949
0.814679890938
0.718706333954
0.689044142458
0.654216760523
0.457871586624
0.679763199077
0.955912434314
0.820977068121
0.802804894931
0.848618814875
0.586000739541
0.719735741582
0.633991560342
0.946443587821
0.56985415864
0.633779196327
0.698071964174
0.822374971498
0.546154060739
0.43455909104
0.443444508401
0.495011340769
0.496196705754
0.948851640443
0.570226935939
0.51490928127
0.869659547273
0.60646265628
0.638813745288
0.627190979563
0.787471033606
0.507091029494
0.620991468195
0.783381777055
0.595599432649
0.790418993991
0.929543140234
0.8103136019
0.950175169094
0.538104495287
0.446297057917
0.438702713421
0.788694508551
0.360783651281
0.67153677761
0.865061524323
0.868122083793
0.549096504505
0.518935824146
0.464021865445
0.737318940175
0.551307390056
0.373421557415
0.656417637974
0.732725126415
0.781295380037
0.831689969111
0.429213029255
0.336407074326
0.758480951527
0.44399864988
0.749349238126
0.563960300062
0.83688865824
0.529930578454
0.443781489034
0.71617144603
0.566222494867
0.544411611426
0.492500289666
0.431157221056
0.825912139935
0.972990937369
0.625478417537
0.763483808196
0.770031648657
0.43535238761
0.569883647746
0.685220379477
0.918064084119
0.527840754706
0.468305452414
0.588359493263
0.943181799712
0.74903372657
0.488644096771
0.718350206609
0.716811987636
0.556284350205
0.624188797445
0.95084661438
0.737700523724
0.409008242811
0.607787906136
0.682623387047
0.557812254597
0.821539289558
0.493885913733
0.951135199157
0.579486044289
0.863001611379
0.493544016853
0.598594131105
0.725560304777
0.946790057476
0.574262889884
0.544883353293
0.903752620105
0.672485469387
0.847992077563
0.62155144897
0.721545188401
0.872313093067
0.68708003974
0.887543378761
0.894335887066
0.893716504288
0.739262627101
0.40707588338
0.521219840196
0.470357446031
0.711900622603
0.93406566325
0.83743998243
0.929843559361
0.740464872802
0.932781973464
0.596426818621
0.738064449397
0.67703305342
0.646243150365
0.568116086663
0.840862863981
0.583267880489
0.379880286003
0.66005008221
0.41542911097
0.767983117732
0.859785609826
0.741908749746
0.818066949226
0.533988868936
0.857613524792
0.429993420745
0.668810756592
0.699769610918
0.709748148591
0.66483705869
0.624362381294
0.816839896765
0.816947535301
0.772321230061
0.574649556018
0.567351608588
0.602957180632
0.522176088679
0.414255123616
0.468766748391
0.710202872558
0.826147754861
0.576314959197
0.397425131886
0.511897666013
0.571126106238
0.45284593969
0.911518456525
0.885696496008
0.411573428523
0.817586614509
0.794756913432
0.914615621893
0.527976794697
0.499830056355
0.459389488876
0.472286105918
0.938316486844
0.610437090037
0.480716981771
0.838305075692
0.948901163297
0.416791018672
0.668214537499
0.518555650552
0.563210911007
0.979777685072
0.719463404991
0.589379716231
0.465956436798
0.854165701477
0.700390532175
0.679703729426
0.716386976442
0.395769890026
0.940410557607
0.976042155057
0.60456873549
0.927215115156
0.814320105714
0.473191568959
0.870365545822
0.958471161705
0.67456005606
0.713124290609
0.357598289974
0.823675381221
0.691182217573
0.689395222958
0.826249401842
0.86390615761
0.501346003775
0.748814880519
0.787398733744
0.708651244013
0.485693965744
0.724260746005
0.970996698947
0.941290237363
0.584412260058
0.968910280069
0.928924619087
0.869683654615
0.554304598849
0.597102558368
0.587937299124
0.959031074424
0.904552645349
0.50750089011
0.790694225457
0.900820615812
0.810164633855
0.817472436482
0.620057108747
0.50470570814
0.445410104634
0.459999184008
0.787058177159
0.941259596471
0.437860658209
0.658330750674
0.919026567161
0.521098997977
0.682534930788
0.91684432698
0.743020008932
0.75869681918
0.543160154787
0.988231084476
0.970936157557
0.808486999933
0.843702835775
0.840152325389
0.584519991047
0.897309004319
0.459625735216
0.529249922078
0.920045038546
0.999030001008
0.832862926609
0.896270612988
0.928151745582
0.487997014557
0.871704141601
0.551013436678
0.830486999328
0.559277365966
0.459649961468
0.884566347406
0.53106793507
0.579683847224
0.805866414291
0.599139430804
0.46665497648
0.428656944451
0.463095559613
0.511593793014
0.940652864242
0.484792639333
0.976197755384
0.829162497138
0.670797841657
0.67900215457
0.93126087874
0.439335943958
0.420857227205
0.590195530486
0.51754350401
0.474156394392
0.474446065099
0.529397787051
0.537258751781
0.948982463035
0.44702062484
0.648534151004
0.497522972991
0.782530651868
0.629839560073
0.981148145715
0.424896097538
0.952141242584
0.935403105645
0.818353784577
0.885997351767
0.49726097196
0.627632656453
0.438643206067
0.671069587613
0.472528960159
0.441476852568
0.6453318805
0.611904206877
0.438393668051
0.825480940976
0.586454095004
0.434704201537
0.841126285913
0.776043610599
0.75163662238
0.670358134392
0.955305077253
0.615590056306
0.484551769936
0.900667043811
0.788155087811
0.476380924231
0.713524497493
0.784164249909
0.509941321866
0.649137246292
0.568489137875
0.972395938304
0.59403219503
0.645488222631
0.762838265042
0.561785990326
0.661870852196
0.519129298813
0.75204869621
0.962000539913
0.433669705538
0.804950720532
0.961412009312
0.989022347911
0.641945343374
0.918739929468
0.519559691384
0.953259355803
0.950217254149
0.466313792214
0.932894541422
0.408138429846
0.729833095038
0.646006340342
0.778216169466
0.615486324819
0.551317287482
0.906708819255
0.660572900298
0.595388702072
0.782810340976
0.555005601322
0.515939915701
0.754967059071
0.91013292679
0.613698524891
0.993831418855
0.619315970335
0.610624929667
0.578893564747
0.545582219034
0.487121925042
0.408513256749
0.59070776001
0.651442960889
0.752461107614
0.553688556618
0.520005616648
0.740782370884
0.885921835414
0.921368532771
0.774043094667
0.510478824122
0.616992471352
0.624535060176
0.770551822651
0.631832510939
0.869951547844
0.644685743561
0.516320447933
0.726672049071
0.43136728739
0.600762740904
0.566440370076
0.828171981434
0.503303694284
0.942211094969
0.417948667972
0.532077418762
0.564486265743
0.953090959764
0.950194959207
0.771391547064
0.509847096472
0.605781303755
0.954430582951
0.550054671407
0.735744943024
0.89266722607
0.398568406685
0.724478634786
0.504245152258
0.948597690307
0.745507467461
0.502409627965
0.576442608408
0.965059859514
0.628778133591
0.639737763795
0.84957191938
0.708332465609
0.729070136024
0.519992225026
0.52439471159
0.752207958255
0.798125718648
0.376632107729
0.538517563836
0.862842783602
0.620600825195
0.562534602052
0.764423268278
0.471686925982
0.76197257364
0.507868532315
0.4445881891
0.521168055371
0.912277463094
0.653132427842
0.435421724986
0.867864057552
0.438439700176
0.974447793167
0.794870920757
0.712458600797
0.534769585873
0.919562110259
0.447084904076
0.635642676074
0.568943807092
0.797578050969
0.915008729803
0.67928651267
0.534891117336
0.991103485988
0.503571191727
0.858035409544
0.447436707987
0.682446237215
0.869428766062
0.961737463882
0.820805329238
0.804240297728
0.911982899668
0.736107815899
0.85587464361
0.434764271914
0.959331332723
0.840685741586
0.852157318723
0.744008952351
0.769454794419
0.524797958211
0.79743480323
0.59228055538
0.744147183153
0.818791165167
0.530087808393
0.803289604023
0.518016280076
0.670669081709
0.737256270228
0.73621818254
0.551270479804
0.461389143639
0.603356345905
0.546385989375
0.968065582047
0.574577402327
0.91275762079
0.692564655158
0.865126295474
0.828068761272
0.784001846882
0.917014726632
0.562255039124
0.62812051012
